6.584894089471725145e-16
1.682514664562839712e-02
4.340846468044353562e-02
5.689883134021926636e-02
1.046582800471266006e-01
1.100538617687582682e-01
1.544738901259730679e-01
2.218516329483030403e-01
4.832163888850183886e-01
5.278951676493029987e-01
1.587763777917792218e-01
1.980213550150979329e-01
1.757590490616432188e-01
3.107378490647250691e-01
2.637358726803286091e-01
3.940098660637109118e-01
2.703990744678983482e-01
1.834657667892887756e-01
2.777504104718757083e-01
2.725821328999019078e-01
4.532683550934629158e-01
