1741598833942 0.9967898726463318 0
1741598834185 0.9582707285881042 1
1741599875634 0.9753217697143555 0
1741599890506 1.0058958530426025 0
1741600009535 1.020987868309021 0
1741600042595 1.0166770219802856 0
1741600126321 0.9651514887809753 0
1741600165898 0.9629599452018738 0
1741600215002 1.0038195848464966 0
1741600215266 0.9808833003044128 1
1741600230512 0.9694027304649353 0
1741600296413 0.9374625086784363 0
1741600309303 1.0283771753311157 0
1741600371250 0.967120885848999 0
1741600448140 1.0233776569366455 0
1741600448290 0.9841035008430481 1
1741600489614 0.9637855887413025 0
1741600572025 0.9877467155456543 0
1741600572313 0.9478187561035156 1
1741600597195 0.9962957501411438 0
1741600631534 0.9664588570594788 1
1741600706929 1.0235894918441772 0
1741600707205 0.982049286365509 1
1741600707463 0.9543988108634949 2
1741600707611 0.930121123790741 3
1741600707862 0.9080135226249695 4
1741600708001 0.881859302520752 5
1741600708256 0.8515570759773254 6
1741600708523 0.8218379020690918 7
1741600708679 0.7923979163169861 8
1741600708944 0.760404646396637 9
1741600718237 0.999689519405365 0
1741600718426 0.9680711627006531 1
1741600718724 0.9413395524024963 2
1741600719029 0.9110136032104492 3
1741600719210 0.8845036029815674 4
1741600719489 0.8612649440765381 5
1741600719659 0.8414962291717529 6
1741600719952 0.8138191103935242 7
1741600720247 0.7894024848937988 8
1741600720428 0.7674697041511536 9
1741600828492 0.9831559658050537 0
1741600828757 0.9579135775566101 1
1741600828912 0.9342463612556458 2
1741600829173 0.8966900706291199 3
1741600829430 0.8810102343559265 4
1741600835902 1.0150352716445923 0
1741600902176 0.9823196530342102 1
1741601004261 0.9851048588752747 0
1741601004411 0.948761522769928 1
1741601004673 0.9143452048301697 2
1741601004819 0.8924033045768738 3
1741601005081 0.8646298050880432 4
1741601011302 0.9730603098869324 0
1741601026085 0.9398274421691895 1
1741601034266 0.9161343574523926 2
1741601034442 0.879780113697052 3
1741601034720 0.8618826866149902 4
1741601034895 0.8385000228881836 5
1741601035181 0.8187599182128906 6
1741601035355 0.8015028834342957 7
1741601035657 0.7790232300758362 8
1741601035945 0.7619104385375977 9
