1741598833942 1.7354428749537346e+19 0
1741598834185 1.7319642400657768e+19 1
1741599875634 1.74232889637617e+19 0
1741599890506 1.7399322908811067e+19 0
1741600009535 1.7348922395305443e+19 0
1741600042595 1.7394206881207026e+19 0
1741600126321 1.7386642241207927e+19 0
1741600165898 1.7397564789718254e+19 0
1741600215002 1.7408509328461136e+19 0
1741600215266 1.741370342139075e+19 1
1741600230512 1.7378506954674012e+19 0
1741600296413 1.7380116639697076e+19 0
1741600309303 1.7299158499032302e+19 0
1741600371250 1.7393001816462983e+19 0
1741600448140 1.7379431643952972e+19 0
1741600448290 1.7393602149811749e+19 1
1741600489614 1.7358095620815978e+19 0
1741600572025 1.7358468355257795e+19 0
1741600572313 1.740459176853137e+19 1
1741600597195 1.7366562959861481e+19 0
1741600631534 1.7402250908275835e+19 1
1741600706929 1.7455204487781155e+19 0
1741600707205 1.7330071268447224e+19 1
1741600707463 1.7364886204629123e+19 2
1741600707611 1.741678865101829e+19 3
1741600707862 1.7369680075326226e+19 4
1741600708001 1.7348902604096143e+19 5
1741600708256 1.7373362339767648e+19 6
1741600708523 1.7378505855162384e+19 7
1741600708679 1.7399319610276184e+19 8
1741600708944 1.741971994901794e+19 9
1741600718237 1.7343578768794452e+19 0
1741600718426 1.7343455623492141e+19 1
1741600718724 1.7382596038417711e+19 2
1741600719029 1.7386044106882417e+19 3
1741600719210 1.7401900164066574e+19 4
1741600719489 1.743076894136546e+19 5
1741600719659 1.7482176607522128e+19 6
1741600719952 1.7429065797854036e+19 7
1741600720247 1.7443303373922107e+19 8
1741600720428 1.7387176603859026e+19 9
1741600828492 1.7434916299225432e+19 0
1741600828757 1.7407502175810093e+19 1
1741600828912 1.7421817817203737e+19 2
1741600829173 1.7377790073092702e+19 3
1741600829430 1.740446862322906e+19 4
1741600835902 1.7431305503039816e+19 0
1741600902176 1.732508498321526e+19 1
1741601004261 1.7430862399853822e+19 0
1741601004411 1.7415938728530018e+19 1
1741601004673 1.7357395231909085e+19 2
1741601004819 1.7403106328322245e+19 3
1741601005081 1.7441065867759583e+19 4
1741601011302 1.7406956818042716e+19 0
1741601026085 1.7393951794509382e+19 1
1741601034266 1.740029597660165e+19 2
1741601034442 1.7321287270052921e+19 3
1741601034720 1.7390430058765615e+19 4
1741601034895 1.7349035645003104e+19 5
1741601035181 1.7387699971393847e+19 6
1741601035355 1.7432854714923352e+19 7
1741601035657 1.7335994337586053e+19 8
1741601035945 1.735462446260709e+19 9
