1741598833942 -3.4653439914011525e+19 0
1741598834185 -3.466986002066073e+19 1
1741599875634 -3.491154147253892e+19 0
1741599890506 -3.466008756131306e+19 0
1741600009535 -3.4679078326148006e+19 0
1741600042595 -3.471333251139974e+19 0
1741600126321 -3.499590699973817e+19 0
1741600165898 -3.452643972393363e+19 0
1741600215002 -3.4871013473939096e+19 0
1741600215266 -3.4636417274990297e+19 1
1741600230512 -3.479767824738969e+19 0
1741600296413 -3.4936302474396434e+19 0
1741600309303 -3.4431875126875128e+19 0
1741600371250 -3.4742157308233515e+19 0
1741600448140 -3.450225046812256e+19 0
1741600448290 -3.472788784632824e+19 1
1741600489614 -3.4539004942815855e+19 0
1741600572025 -3.463955967922248e+19 0
1741600572313 -3.477497773032263e+19 1
1741600597195 -3.477311295860192e+19 0
1741600631534 -3.4896018567377977e+19 1
1741600706929 -0.015223264694213867 0
1741600707205 0.013728857040405273 1
1741600707463 0.04116368293762207 2
1741600707611 0.06579786539077759 3
1741600707862 0.09285678714513779 4
1741600708001 0.11908072233200073 5
1741600708256 0.14792166650295258 6
1741600708523 0.17702101171016693 7
1741600708679 0.20792347192764282 8
1741600708944 0.23973269760608673 9
1741600718237 -0.0029684107284992933 0
1741600718426 0.028695782646536827 1
1741600718724 0.057406168431043625 2
1741600719029 0.08673151582479477 3
1741600719210 0.11314133554697037 4
1741600719489 0.13926036655902863 5
1741600719659 0.16522163152694702 6
1741600719952 0.1894729733467102 7
1741600720247 0.21214105188846588 8
1741600720428 0.2330966591835022 9
1741600828492 0.018085936084389687 0
1741600828757 0.04289434477686882 1
1741600828912 0.068353570997715 2
1741600829173 0.0943712368607521 3
1741600829430 0.12097996473312378 4
1741600835902 -0.016461968421936035 0
1741600902176 0.01419017743319273 1
1741601004261 0.01749598979949951 0
1741601004411 0.05066347122192383 1
1741601004673 0.08544882386922836 2
1741601004819 0.11403772979974747 3
1741601005081 0.14213337004184723 4
1741601011302 0.025970736518502235 0
1741601026085 0.05516679957509041 1
1741601034266 0.08361321687698364 2
1741601034442 0.11043870449066162 3
1741601034720 0.13332033157348633 4
1741601034895 0.16337960958480835 5
1741601035181 0.18127860128879547 6
1741601035355 0.19868557155132294 7
1741601035657 0.21972578763961792 8
1741601035945 0.2367233783006668 9
